a=[254.3763 29.5 106.5
280.9357 29.525 106.5
306.89777 29.55 106.5
297.29956 29.575 106.5
280.30698 29.6 106.5
360.43555 29.625 106.5
307.79437 29.65 106.5
318.56622 29.675 106.5
254.09866 29.7 106.5
295.3997 29.725 106.5
351.0178 29.75 106.5
170.528 29.775 106.5
341.30725 29.8 106.5
427.47882 29.825 106.5
703.6222 29.85 106.5
478.23853 29.875 106.5
526.3422 29.9 106.5
284.23734 29.925 106.5
327.0972 29.95 106.5
303.97006 29.975 106.5
464.35556 30.0 106.5
271.04584 29.5 106.525
170.24927 29.525 106.525
358.02933 29.55 106.525
268.3972 29.575 106.525
343.6498 29.6 106.525
329.61127 29.625 106.525
428.58408 29.65 106.525
388.1111 29.675 106.525
272.21973 29.7 106.525
254.50902 29.725 106.525
231.26805 29.75 106.525
215.10323 29.775 106.525
317.84137 29.8 106.525
328.0447 29.825 106.525
347.7635 29.85 106.525
593.62915 29.875 106.525
682.084 29.9 106.525
562.8405 29.925 106.525
466.66992 29.95 106.525
302.00037 29.975 106.525
383.42517 30.0 106.525
169.0808 29.5 106.55
269.4228 29.525 106.55
168.55656 29.55 106.55
240.14775 29.575 106.55
232.03151 29.6 106.55
305.47733 29.625 106.55
413.6521 29.65 106.55
361.7515 29.675 106.55
364.64676 29.7 106.55
326.849 29.725 106.55
261.59586 29.75 106.55
291.71094 29.775 106.55
277.5139 29.8 106.55
283.49805 29.825 106.55
300.64386 29.85 106.55
361.55536 29.875 106.55
361.6866 29.9 106.55
550.69104 29.925 106.55
757.0194 29.95 106.55
612.7932 29.975 106.55
455.3185 30.0 106.55
325.71112 29.5 106.575
232.88954 29.525 106.575
158.6848 29.55 106.575
224.96011 29.575 106.575
163.92415 29.6 106.575
251.40533 29.625 106.575
266.27246 29.65 106.575
385.05316 29.675 106.575
339.39948 29.7 106.575
291.91153 29.725 106.575
328.49304 29.75 106.575
390.21387 29.775 106.575
345.05273 29.8 106.575
267.4049 29.825 106.575
274.0368 29.85 106.575
381.4385 29.875 106.575
376.68704 29.9 106.575
372.21014 29.925 106.575
371.7511 29.95 106.575
776.0937 29.975 106.575
755.7289 30.0 106.575
462.4884 29.5 106.6
424.32996 29.525 106.6
460.54715 29.55 106.6
254.20634 29.575 106.6
215.42332 29.6 106.6
223.36148 29.625 106.6
237.84665 29.65 106.6
344.41922 29.675 106.6
429.22525 29.7 106.6
377.25372 29.725 106.6
316.2097 29.75 106.6
315.01398 29.775 106.6
468.54214 29.8 106.6
671.0809 29.825 106.6
313.926 29.85 106.6
295.127 29.875 106.6
375.63943 29.9 106.6
399.3351 29.925 106.6
319.20135 29.95 106.6
399.34106 29.975 106.6
604.77484 30.0 106.6
320.97778 29.5 106.625
325.6393 29.525 106.625
369.84238 29.55 106.625
340.38055 29.575 106.625
155.55843 29.6 106.625
255.3926 29.625 106.625
389.94745 29.65 106.625
295.8647 29.675 106.625
382.0382 29.7 106.625
430.14944 29.725 106.625
393.19308 29.75 106.625
273.75613 29.775 106.625
328.0797 29.8 106.625
443.2085 29.825 106.625
857.00446 29.85 106.625
437.30222 29.875 106.625
281.7057 29.9 106.625
327.43466 29.925 106.625
306.85205 29.95 106.625
337.83554 29.975 106.625
495.18518 30.0 106.625
269.45422 29.5 106.65
257.49652 29.525 106.65
249.4512 29.55 106.65
453.9506 29.575 106.65
198.16658 29.6 106.65
269.10132 29.625 106.65
289.00497 29.65 106.65
323.3177 29.675 106.65
361.264 29.7 106.65
408.22968 29.725 106.65
339.25156 29.75 106.65
334.4 29.775 106.65
394.47733 29.8 106.65
509.42453 29.825 106.65
393.6304 29.85 106.65
809.5538 29.875 106.65
679.19946 29.9 106.65
421.4672 29.925 106.65
333.4544 29.95 106.65
335.97867 29.975 106.65
324.46667 30.0 106.65
280.55615 29.5 106.675
201.61209 29.525 106.675
215.98596 29.55 106.675
186.45604 29.575 106.675
553.66 29.6 106.675
260.49866 29.625 106.675
212.80914 29.65 106.675
221.07805 29.675 106.675
214.38524 29.7 106.675
313.07657 29.725 106.675
405.1517 29.75 106.675
315.27646 29.775 106.675
352.3532 29.8 106.675
381.19595 29.825 106.675
466.9097 29.85 106.675
490.63733 29.875 106.675
685.3516 29.9 106.675
909.7289 29.925 106.675
936.4392 29.95 106.675
790.5251 29.975 106.675
661.51556 30.0 106.675
250.71368 29.5 106.7
292.47607 29.525 106.7
240.29718 29.55 106.7
159.06131 29.575 106.7
272.34637 29.6 106.7
487.6012 29.625 106.7
544.60144 29.65 106.7
396.95584 29.675 106.7
311.93634 29.7 106.7
277.8192 29.725 106.7
384.32947 29.75 106.7
375.99817 29.775 106.7
381.52023 29.8 106.7
420.55957 29.825 106.7
515.3906 29.85 106.7
560.4186 29.875 106.7
405.4316 29.9 106.7
413.6489 29.925 106.7
522.67004 29.95 106.7
537.59796 29.975 106.7
488.77036 30.0 106.7
311.7748 29.5 106.725
279.6971 29.525 106.725
196.86702 29.55 106.725
196.75224 29.575 106.725
184.5577 29.6 106.725
190.57689 29.625 106.725
211.49635 29.65 106.725
323.90613 29.675 106.725
546.78613 29.7 106.725
564.58527 29.725 106.725
343.89008 29.75 106.725
314.08426 29.775 106.725
429.41766 29.8 106.725
428.00485 29.825 106.725
431.14008 29.85 106.725
540.2385 29.875 106.725
547.4533 29.9 106.725
498.87308 29.925 106.725
458.21725 29.95 106.725
469.8914 29.975 106.725
570.2 30.0 106.725
347.40692 29.5 106.75
503.75378 29.525 106.75
261.29214 29.55 106.75
291.29016 29.575 106.75
220.58223 29.6 106.75
251.44888 29.625 106.75
261.03427 29.65 106.75
261.83725 29.675 106.75
280.10934 29.7 106.75
406.77155 29.725 106.75
564.2681 29.75 106.75
639.3366 29.775 106.75
334.0572 29.8 106.75
344.51013 29.825 106.75
433.06253 29.85 106.75
530.7966 29.875 106.75
502.8159 29.9 106.75
534.28 29.925 106.75
609.42725 29.95 106.75
553.4456 29.975 106.75
735.0815 30.0 106.75
251.97087 29.5 106.775
358.544 29.525 106.775
431.77872 29.55 106.775
405.03082 29.575 106.775
254.66005 29.6 106.775
227.04178 29.625 106.775
287.13568 29.65 106.775
266.0858 29.675 106.775
291.24728 29.7 106.775
291.05884 29.725 106.775
287.1668 29.75 106.775
550.88635 29.775 106.775
636.994 29.8 106.775
353.01825 29.825 106.775
313.17334 29.85 106.775
255.67911 29.875 106.775
379.44473 29.9 106.775
520.0617 29.925 106.775
504.26178 29.95 106.775
651.6951 29.975 106.775
509.95407 30.0 106.775
265.3671 29.5 106.8
287.3158 29.525 106.8
303.3776 29.55 106.8
291.91116 29.575 106.8
387.0726 29.6 106.8
253.58311 29.625 106.8
206.39532 29.65 106.8
178.99858 29.675 106.8
256.6464 29.7 106.8
255.4128 29.725 106.8
257.28326 29.75 106.8
274.43057 29.775 106.8
391.13263 29.8 106.8
555.3902 29.825 106.8
554.4939 29.85 106.8
332.18756 29.875 106.8
456.7409 29.9 106.8
440.24695 29.925 106.8
453.88 29.95 106.8
536.3358 29.975 106.8
501.89334 30.0 106.8
221.11604 29.5 106.825
239.71301 29.525 106.825
266.58032 29.55 106.825
210.17451 29.575 106.825
233.89043 29.6 106.825
450.75082 29.625 106.825
325.6111 29.65 106.825
221.2326 29.675 106.825
193.04854 29.7 106.825
240.56956 29.725 106.825
189.58992 29.75 106.825
216.14584 29.775 106.825
329.8376 29.8 106.825
298.2891 29.825 106.825
442.63467 29.85 106.825
383.666 29.875 106.825
483.5457 29.9 106.825
548.89404 29.925 106.825
487.92932 29.95 106.825
505.77652 29.975 106.825
468.69778 30.0 106.825
219.60968 29.5 106.85
514.24725 29.525 106.85
364.12402 29.55 106.85
158.50705 29.575 106.85
295.97577 29.6 106.85
320.6803 29.625 106.85
337.3839 29.65 106.85
522.46295 29.675 106.85
441.41174 29.7 106.85
230.15437 29.725 106.85
182.49066 29.75 106.85
226.85197 29.775 106.85
204.2285 29.8 106.85
250.93097 29.825 106.85
200.00806 29.85 106.85
205.9674 29.875 106.85
225.56126 29.9 106.85
421.14597 29.925 106.85
424.74243 29.95 106.85
677.88 29.975 106.85
698.86816 30.0 106.85
266.1111 29.5 106.875
274.43112 29.525 106.875
476.69333 29.55 106.875
522.7156 29.575 106.875
196.49777 29.6 106.875
148 29.625 106.875
285.05777 29.65 106.875
257.64444 29.675 106.875
581.72 29.7 106.875
616.63556 29.725 106.875
359.46667 29.75 106.875
227.06667 29.775 106.875
268.32443 29.8 106.875
213.92444 29.825 106.875
202.21333 29.85 106.875
309.53333 29.875 106.875
299.4711 29.9 106.875
255.04 29.925 106.875
281.60443 29.95 106.875
316.0311 29.975 106.875
420.66666 30.0 106.875
479.13974 29.5 106.9
310.46692 29.525 106.9
350.75412 29.55 106.9
235.38838 29.575 106.9
315.88187 29.6 106.9
335.3674 29.625 106.9
230.15854 29.65 106.9
150.00578 29.675 106.9
244.08463 29.7 106.9
385.9376 29.725 106.9
563.7977 29.75 106.9
533.52106 29.775 106.9
